country_code	reg_code	name	1990	1991	1992	1993	1994	1995	1996	1997	1998	1999	2000	2001	2002	2003	2004	2005	2006	2007	2008	2009	2010	2011	2012	2013	2014	2015	2016	2017	2018	2019	2020	2021	2022	2023
840	53	Washington	73.5321	73.9204	74.1934	74.0909	74.2681	74.5302	74.691	74.8217	75.555	75.5463	75.8214	76.1674	76.2304	76.4943	76.5445	76.9495	77.3129	77.5902	77.4708	77.5669	77.9357	78.0944	78.1894	78.0228	78.3677	78.1773	78.0906	78.1543	78.1323	78.2679	78.3406	77.2506	75.886	76.7495
840	53001	Adams	71.6209	71.6209	71.6209	73.6888	73.904	74.1192	74.3344	76.1463	77.9582	73.3734	75.8115	74.881	73.9505	74.2365	74.5225	74.8085	75.0944	75.3804	75.6664	75.9524	76.2384	76.5243	76.8103	77.0963	77.3823	77.6683	77.6683	77.6683	77.6683	77.6683	77.6683	77.6683	77.6683	77.6683
840	53003	Asotin	70.8695	70.8043	70.7391	75.2055	73.9494	74.744	71.7529	71.8909	74.1124	78.629	73.3042	75.0103	79.2182	78.672	78.1259	77.5798	77.0337	76.4876	75.9415	75.3953	75.6272	75.859	76.0908	76.3226	80.0788	77.2313	76.7456	76.2599	75.349	74.4381	76.5247	72.2027	73.602	75.0013
840	53005	Benton	74.1826	74.1826	74.1826	74.6402	76.4323	76.6696	76.9069	77.1442	77.3815	77.6188	77.8561	76.5911	76.5178	76.9826	77.4303	77.9841	78.5378	77.5068	77.4707	77.8196	77.6026	78.2521	79.0638	79.0145	79.2065	78.3149	78.4277	77.9318	77.3215	79.438	77.7747	75.8391	75.7306	76.7819
840	53007	Chelan	71.6753	71.6753	71.9333	72.1914	76.3419	73.2614	74.2891	75.0443	75.7995	76.5547	78.8656	77.2556	77.5193	76.9011	76.283	78.825	78.5052	78.5867	78.6683	79.0484	79.4285	79.8086	78.3086	78.3398	78.1982	77.9313	77.6936	80.4036	79.6209	79.3887	79.1682	78.2254	77.1673	76.7837
840	53009	Clallam	72.4654	75.7969	73.8084	74.117	74.4257	73.0946	73.6617	74.2288	74.6185	75.0683	75.5181	76.2203	76.2241	75.4712	74.9547	77.3523	76.218	75.6262	75.4666	74.4986	75.9755	77.4525	76.2996	78.7503	77.0024	75.9476	76.9687	78.0099	76.2545	76.8908	77.1476	76.5163	73.078	73.8781
840	53011	Clark	73.2757	74.3544	73.5387	73.6295	74.2031	74.6273	75.1687	74.6415	75.5968	75.755	76.2928	75.9714	77.0283	76.3937	76.4853	76.8587	77.5337	77.7222	77.7146	78.1553	77.9134	77.9865	78.01	78.214	78.4647	77.5309	78.1722	78.4357	78.2048	78.1879	78.1239	76.9587	75.9595	77.5646
840	53013	Columbia	71.6943	75.8743	74.39	72.9058	79.4665	79.4707	79.4748	78.7022	77.9295	78.2169	78.5042	78.7916	78.7916	78.7916	78.7916	78.7916	78.7916	78.7916	78.7916	78.7916	78.7916	78.7916	78.7916	78.7916	78.7916	78.7916	78.7916	78.7916	78.7916	78.7916	78.7916	78.7916	78.7916	78.7916
840	53015	Cowlitz	73.2977	73.2977	72.5088	73.9612	72.9221	72.4453	71.9684	73.0762	74.1839	73.5833	73.7737	73.9641	74.1545	74.345	74.3771	74.4092	74.6451	74.8809	74.8958	75.1209	74.8476	75.1315	75.4154	75.2594	74.7055	75.0076	75.4001	74.9068	73.7554	75.139	74.6074	73.5715	70.2926	73.3694
840	53017	Douglas	73.6191	73.6191	73.9419	74.2647	74.5875	74.9103	75.2331	75.5559	75.8786	76.2014	76.0039	75.8063	75.6087	75.4111	76.1036	76.7961	77.8911	78.9862	78.5327	78.0792	78.1285	78.1779	78.2272	78.2765	78.6743	79.0722	79.47	79.8678	80.2656	80.5863	80.2153	79.5357	76.8013	76.8013
840	53019	Ferry	68.5809	68.5809	68.5809	68.5809	69.4943	70.4077	71.321	70.0149	68.7088	67.4027	68.1757	68.9487	69.7217	70.4947	71.2677	72.0407	72.8137	73.5867	74.3597	75.1328	76.1603	77.1879	76.9152	76.6424	76.3696	76.0969	75.8241	75.5514	74.5032	73.455	73.1788	72.9025	72.9025	72.9025
840	53021	Franklin	73.1894	73.1894	73.1894	73.1894	73.1894	73.1894	74.1652	75.141	74.8135	74.4859	75.1597	75.8336	76.5075	77.1813	77.8552	78.5291	78.5418	78.5546	78.5673	78.5801	78.5929	78.7232	78.8696	79.0161	79.0254	79.0347	79.044	79.6061	80.1681	79.2495	78.3308	77.4122	77.5452	76.5669
840	53023	Garfield	75.337	75.337	80.7589	75.3999	70.0408	64.6818	66.4678	68.2538	70.0397	71.8257	73.6117	75.3977	77.1836	76.8469	76.5102	76.1735	75.8368	75.5001	75.1634	74.8267	74.49	81.4711	81.3005	81.13	80.9594	87.2089	87.2089	87.2089	87.2089	87.2089	87.2089	87.2089	87.2089	87.2089
840	53025	Grant	75.8197	75.8197	75.8197	74.6415	71.2793	74.4405	73.0854	73.2876	74.2532	75.2188	76.1844	77.15	75.7301	76.5275	75.778	75.0808	76.7312	76.4183	76.553	76.6876	76.8105	76.9334	77.0563	76.3028	76.9382	77.5736	77.2695	76.9654	77.2594	78.7752	77.4623	73.9051	74.1591	75.4238
840	53027	Grays Harbor	70.3661	70.7423	71.8365	72.9308	72.9947	73.0586	73.1224	73.1863	73.2502	73.3141	73.4307	73.5473	71.2738	71.9685	72.6632	73.0362	73.4092	74.5443	75.519	75.0894	74.6598	75.2743	75.8888	73.6987	75.4068	74.7549	74.103	75.9791	73.867	74.8128	74.9358	73.0839	71.2213	70.3023
840	53029	Island	75.7954	76.1902	77.1348	77.2095	77.2841	77.3588	77.4334	77.5081	77.7377	77.9673	78.1969	78.4266	77.9586	78.8642	78.7984	78.7325	78.6667	79.8959	80.3619	79.7022	80.7664	80.5343	80.3022	79.9783	79.6544	80.7772	79.3101	78.8694	79.5042	79.0317	79.0871	79.1424	78.6714	79.3948
840	53031	Jefferson	74.2559	74.3341	74.4123	74.4904	74.5686	74.6468	74.725	74.8031	75.8672	76.9312	77.9952	79.0592	80.1233	78.2102	75.3962	75.8522	76.3081	76.7641	77.2201	77.6761	78.1321	78.5881	79.0441	79.8455	80.6468	79.3026	79.1354	77.1191	78.3703	79.6216	78.8834	78.1452	77.7073	77.2694
840	53033	King	73.8018	74.2663	74.8606	74.2774	74.3413	74.7191	75.1022	75.2408	76.3296	76.4127	76.4861	77.0488	77.4409	78.0058	77.8236	78.2362	78.4461	78.7095	78.6776	79.1158	79.694	79.4218	79.6197	79.1928	79.6111	79.5448	80.0204	79.6633	79.9598	79.8552	79.873	79.2036	78.4397	78.3644
840	53035	Kitsap	75.2323	75.2323	74.5268	75.1969	75.8671	76.0062	75.6221	75.1753	75.9297	75.544	76.388	76.4533	76.1306	77.0224	77.1261	77.3125	78.0963	78.995	77.3297	77.4823	77.4659	77.7015	78.2661	78.5204	78.858	77.7689	78.3009	78.6193	78.3326	78.663	78.5893	77.7386	76.6377	78.6362
840	53037	Kittitas	76.2438	76.2438	76.2438	76.2438	76.2438	76.2438	76.2438	76.2438	76.2438	76.4524	76.661	76.8696	77.0781	77.2867	77.4953	77.7039	77.9125	78.1211	78.3297	78.5382	78.7468	78.9554	79.5153	79.0367	78.5581	79.1413	79.7244	80.3076	79.6167	78.9258	78.2811	80.1404	77.2744	77.2071
840	53039	Klickitat	72.0536	72.0536	72.0536	72.6937	73.3339	73.2549	73.176	73.097	77.2972	76.0536	74.8101	73.5666	72.3231	76.9901	79.0682	78.2976	77.527	78.6331	79.8888	81.1445	79.5874	78.0302	76.4731	77.559	78.6448	79.8071	80.9694	76.7396	77.688	78.6365	77.4923	78.5677	78.5677	78.5677
840	53041	Lewis	73.0243	73.0243	72.0241	71.8882	71.7524	73.9796	72.7074	74.7515	72.453	72.3596	74.668	74.8387	75.0094	75.1802	74.7225	75.5565	76.3904	77.2244	76.7204	77.0018	77.2832	75.3192	75.9428	75.8472	77.1248	76.8231	75.4176	75.3072	75.8635	74.4447	75.2527	74.0766	72.5074	72.8684
840	53043	Lincoln	77.8846	77.8846	75.8252	73.7659	78.7318	75.8709	76.3921	76.9133	77.6506	78.3879	76.6108	74.8336	73.0564	75.6446	74.5571	73.4696	77.5888	77.4506	77.1518	74.5247	75.6616	76.7985	77.9354	78.2863	78.6373	78.1703	77.7034	77.2364	77.2364	77.2364	77.2364	77.2364	77.2364	77.2364
840	53045	Mason	73.9793	75.7215	72.2325	74.1896	73.4834	73.7208	73.9582	74.1956	74.433	74.6704	74.9078	75.1452	75.3826	75.62	75.8574	74.7067	75.8166	75.7685	76.0104	76.2523	76.5573	77.1979	75.1352	75.7709	76.4067	77.0424	75.7344	78.0378	77.0918	77.1953	77.1953	77.1953	77.1953	77.1953
840	53047	Okanogan	71.9078	72.2838	72.6598	73.2247	72.708	73.0477	73.3874	73.7272	73.5133	73.2995	73.0857	72.8718	72.658	72.4442	72.5822	72.7202	76.4968	75.9429	75.3891	74.8353	73.6707	74.8789	76.0871	77.2953	78.6286	76.859	75.0894	77.2605	76.0647	76.0647	76.0647	76.0647	76.0647	76.0647
840	53049	Pacific	74.7709	74.7709	74.7709	74.7709	74.7709	74.7709	74.7709	72.0138	72.1979	72.382	72.5661	72.7501	72.9342	73.562	74.1899	74.8177	75.4455	72.7454	70.0452	73.4691	74.5472	74.8445	75.402	74.2133	74.8467	77.5556	76.6024	75.6491	74.5105	73.3718	72.2331	71.0944	69.9557	69.9557
840	53051	Pend Oreille	71.3964	71.3964	71.3964	71.6363	71.8761	72.116	72.3558	76.0221	73.9573	71.8926	72.4784	73.0642	73.65	74.2358	74.2999	74.364	74.4281	74.4922	74.5562	74.6203	75.2318	71.9553	74.4674	76.9796	79.4917	77.9951	76.4985	75.0019	73.5053	73.5053	73.5053	73.5053	73.5053	73.5053
840	53053	Pierce	72.0862	72.6586	73.1241	72.8466	73.2723	73.406	73.1734	73.622	74.5504	73.9515	74.6977	74.8465	74.2746	74.8718	74.9161	75.5722	75.6425	75.9095	76.0622	75.6372	76.1478	76.837	76.8875	76.8017	76.8655	76.6035	76.4576	76.5482	76.5863	76.778	77.2421	76.1373	74.009	75.1335
840	53055	San Juan	74.7592	74.7592	74.7592	76.1897	77.6203	79.0509	80.4815	81.9229	83.3643	82.6506	81.9369	81.2231	82.5877	81.6493	82.3843	83.1192	82.6591	82.199	81.7388	81.2787	80.8186	80.3585	79.8984	79.4383	79.9008	80.3634	80.1052	80.8301	81.5551	82.28	83.005	83.8319	83.8319	83.8319
840	53057	Skagit	74.8837	74.8837	74.6134	74.3431	75.1755	75.4746	75.7738	75.6535	76.1227	75.0396	75.7979	75.6499	75.5019	75.7954	76.089	77.1005	77.1581	77.1642	79.0878	76.5006	77.3958	77.8951	76.2141	77.747	78.2191	78.3306	76.9771	77.1428	77.7839	78.5012	78.4232	78.0398	74.2824	77.5663
840	53059	Skamania	72.0481	72.0481	72.0481	72.0481	72.0481	72.8526	73.6571	74.4616	75.2661	76.0706	76.8751	77.6796	78.4841	78.4841	78.4841	78.4841	78.4841	78.4841	78.4841	78.4841	78.4841	78.4841	78.4841	78.4841	78.4841	78.4841	78.4841	78.4841	78.4841	78.4841	78.4841	78.4841	78.4841	78.4841
840	53061	Snohomish	74.35	74.4007	75.2796	74.7068	74.6763	75.0086	75.9256	75.3315	75.6652	76.0432	75.8778	76.3537	76.381	76.5735	76.4495	77.0733	77.1831	77.9974	77.5667	78.2592	78.1817	78.3241	78.1948	78.4904	78.178	78.5314	78.1889	77.9956	78.1139	78.0395	78.748	77.4069	77.0439	77.6809
840	53063	Spokane	73.5597	73.6608	73.9846	73.9192	73.8492	74.4457	74.1024	74.7134	74.6288	75.0994	74.616	75.6947	75.496	74.9982	75.86	75.6344	76.8058	76.8091	76.3396	76.0404	76.8404	77.003	76.7884	76.3118	76.9719	76.7438	76.0366	76.5656	76.5295	76.9844	76.8352	75.4161	73.7761	75.0467
840	53065	Stevens	69.2795	69.2795	72.1233	73.5889	75.0546	73.5305	72.0063	73.1797	74.3531	75.5265	73.224	74.166	75.8016	73.4553	71.9533	72.8361	73.7189	74.6017	74.6434	74.6851	75.6419	75.5534	75.4649	75.312	76.0093	76.7066	74.6556	76.0839	78.5637	77.4282	78.1695	76.1285	72.5069	72.5069
840	53067	Thurston	75.4642	74.9127	75.1247	74.9167	74.9962	75.6915	75.6205	76.0439	76.4673	75.3472	76.3333	76.1995	76.4293	76.6591	76.8889	77.1187	77.2287	77.3388	77.4489	77.8766	78.4075	78.3501	78.3786	78.5004	78.6222	78.6538	78.2747	78.6292	78.5947	77.831	78.7118	76.7911	74.706	75.1532
840	53069	Wahkiakum	77.1153	77.1153	77.4119	74.2654	74.1726	74.0797	73.9869	71.382	68.7772	68.448	68.1188	67.7896	67.4604	67.1312	66.802	68.7858	70.7696	72.7533	74.7371	74.2743	75.4247	76.575	77.7254	78.8758	80.0261	81.1765	81.1765	81.1765	81.1765	81.1765	81.1765	81.1765	81.1765	81.1765
840	53071	Walla Walla	73.173	75.5281	73.4889	74.6602	73.8112	73.0502	75.2627	74.9163	75.9121	76.2709	75.1125	76.1356	76.8706	75.0947	75.6708	76.2469	76.823	76.592	76.8614	77.1307	77.7654	78.4977	78.0897	77.4908	77.1687	76.8465	79.3005	77.6456	76.9259	79.5005	79.9478	76.3642	75.4123	75.2641
840	53073	Whatcom	75.7385	74.8588	74.6123	76.0852	77.1436	75.5219	77.0313	76.8392	76.6471	76.2993	77.3722	77.2126	77.5354	76.2641	77.5691	77.4998	79.0671	78.8571	78.0007	78.894	77.9159	79.4683	79.44	79.2879	78.5577	79.7387	78.1744	78.665	78.8308	79.0313	77.8525	78.1202	77.3147	77.7102
840	53075	Whitman	78.3542	78.3542	77.4758	76.5973	77.2222	77.8471	78.4719	78.4865	78.5011	78.5157	78.5303	78.5449	78.5595	78.5741	78.5887	78.551	78.5134	78.4758	78.8462	79.2165	78.5996	77.6951	80.559	77.4003	80.1379	79.3226	76.396	77.4218	78.4476	79.988	80.3018	78.141	78.141	78.141
840	53077	Yakima	71.4512	72.0612	72.5717	73.0822	73.4936	73.6424	73.7612	72.8198	74.7165	74.5253	74.3498	75.493	74.6223	74.9892	75.0595	75.4926	75.6323	75.7719	75.7297	75.6875	75.6454	75.6103	76.6374	75.7265	76.4661	76.3581	76.5721	75.7268	75.5302	75.9638	75.3725	72.5856	71.6297	73.4536
