country_code	reg_code	name	1990	1991	1992	1993	1994	1995	1996	1997	1998	1999	2000	2001	2002	2003	2004	2005	2006	2007	2008	2009	2010	2011	2012	2013	2014	2015	2016	2017	2018	2019	2020	2021	2022	2023
840	53	Washington	2.0501	2.0723	2.0844	2.0375	1.996	1.9589	1.9379	1.9558	1.9692	1.9862	1.9477	1.9573	1.9014	1.8838	1.9106	1.9117	1.9038	1.9726	1.9868	1.9766	1.945	1.8821	1.8813	1.8593	1.8245	1.8227	1.8102	1.7745	1.6959	1.6332	1.5867	1.5291	1.5557	1.5139
840	53001	Adams	3.2417	3.3024	3.5499	3.5965	3.5304	3.3728	3.0061	3.0565	2.9018	3.3087	3.2596	2.9478	2.9761	3.2383	2.8987	3.5529	3.4948	3.291	3.4899	3.5542	3.3123	3.8439	3.1373	3.0081	3.2635	2.9099	2.8205	2.8061	3.0411	2.9131	2.8272	2.502	2.507	2.5669
840	53003	Asotin	2.4939	2.2672	2.3234	2.4007	2.0035	2.1271	1.949	2.0531	2.18	2.33	2.1242	1.9667	1.8083	1.9495	2.3483	2.0098	1.891	1.8998	1.893	1.9425	1.7528	1.9806	1.9104	2.0396	1.9893	2.1082	1.8219	1.7907	1.7317	1.989	1.878	1.7318	1.8781	1.7203
840	53005	Benton	2.2595	2.27	2.3298	2.3209	2.2865	2.1951	2.2845	2.2542	2.2411	2.3515	2.3721	2.2839	2.3558	2.2378	2.2148	2.1089	2.1179	2.2816	2.2278	2.2376	2.2009	2.2607	2.2197	2.1635	2.1306	2.1966	2.194	2.1708	1.993	1.9727	1.9012	1.8271	1.8903	1.766
840	53007	Chelan	2.7693	2.8875	2.6875	2.7144	2.7118	2.519	2.4215	2.5382	2.4779	2.6661	2.502	2.4216	2.4165	2.2206	2.2644	2.2636	2.3092	2.335	2.4987	2.524	2.4735	2.3386	2.2254	2.1602	2.1198	2.2341	2.1843	2.1045	1.9415	1.8835	1.9274	1.7306	1.7403	1.7084
840	53009	Clallam	2.4027	2.5643	2.3741	2.1234	2.3421	2.0497	2.1978	2.231	2.288	2.391	2.1894	2.157	2.0889	1.9705	2.0664	1.8903	1.9801	2.0835	1.9729	1.9021	1.9984	2.0547	2.0463	1.9624	2.11	2.0196	2.0711	1.9553	1.915	1.7969	1.6616	1.8249	1.6994	1.4716
840	53011	Clark	2.192	2.2734	2.2179	2.1232	2.1466	2.1791	2.1471	2.2426	2.2599	2.2599	2.228	2.3141	2.1721	2.1462	2.1603	2.1617	2.177	2.1751	2.1793	2.0936	2.063	1.9689	1.9606	1.9486	1.8781	1.9248	1.9019	1.8641	1.7859	1.7475	1.7414	1.6126	1.7215	1.6105
840	53013	Columbia	2.6258	3.1099	1.8553	2.9455	1.7758	2.2866	2.1656	2.3117	1.8261	2.7444	1.2094	2.1568	1.8533	2.2395	2.0306	2.025	1.4967	2.6903	1.8733	2.3489	2.2004	2.2402	1.8306	2.0474	2.2272	2.5165	1.8874	2.2172	2.081	1.7828	2.2148	1.9962	1.6434	2.0809
840	53015	Cowlitz	2.4461	2.4923	2.4134	2.218	2.2589	2.1812	2.2469	2.2167	2.0977	2.2705	2.2621	2.2501	2.2117	2.0806	1.9809	2.1985	2.1592	2.2546	2.2782	2.2201	2.107	2.0711	2.0547	1.928	1.9337	1.9625	2.0731	2.1065	2.0273	1.9631	1.9601	1.8645	1.8754	1.914
840	53017	Douglas	2.4363	2.7115	2.2867	2.3432	2.5182	2.521	2.3611	2.4541	2.3984	2.2852	2.4297	2.2737	2.272	2.227	2.2072	2.2393	2.4741	2.4211	2.5953	2.5894	2.2576	2.3246	2.326	2.2043	2.2034	2.2606	2.2667	2.1218	2.2685	1.9691	2.022	1.9056	2.0588	1.9709
840	53019	Ferry	2.4558	2.5197	2.76	2.4767	2.3283	2.4894	2.4449	2.2221	2.4206	2.2037	2.0461	2.1506	1.9021	2.2192	1.9448	2.3941	2.2253	1.7197	1.9434	1.9485	2.0275	1.8102	2.386	2.2736	2.1056	2.5643	2.2913	2.6914	2.3425	2.2007	2.606	2.2846	2.9765	2.3798
840	53021	Franklin	3.0273	3.4275	3.4819	3.239	3.2412	3.1329	3.129	3.1276	3.0394	3.1454	3.1514	3.0981	3.2056	3.1561	3.1184	3.0909	3.1116	3.0263	3.0595	3.0429	2.9051	2.8705	2.9332	2.7207	2.6465	2.7169	2.7051	2.6352	2.4742	2.3483	2.353	2.1937	2.1492	2.1015
840	53023	Garfield	3.3372	3.6589	2.5495	2.6104	2.2022	2.0889	3.1071	2.277	1.4257	2.0027	2.8602	2.6074	2.1588	1.6904	1.6231	1.7445	1.7034	2.3871	1.4964	3.6639	2.0233	3.1508	2.5641	2.0797	3.1531	2.9429	3.0685	3.6435	2.5913	2.486	2.4607	1.6493	2.3475	2.4575
840	53025	Grant	2.7088	2.8287	3.0511	2.8775	2.8677	2.8935	2.9374	2.9897	3.0251	2.8578	2.9554	2.8902	2.658	2.7777	2.8177	2.7987	2.8001	2.8395	2.8418	2.8324	2.8654	2.8311	2.7757	2.7247	2.5677	2.5723	2.5805	2.5257	2.4816	2.5034	2.3251	2.256	2.2177	2.2848
840	53027	Grays Harbor	2.3781	2.3939	2.5502	2.2904	2.1579	2.184	2.2476	2.2191	2.2676	2.2813	2.1922	2.0746	1.9865	2.1463	2.072	2.1487	2.1481	2.1901	2.2145	2.2116	2.0696	2.1744	2.08	2.0558	1.963	2.0129	2.1053	1.991	1.9387	1.8949	1.8482	1.8317	1.8817	1.8208
840	53029	Island	2.5125	2.5766	2.533	2.7494	2.4807	2.493	2.2838	2.3558	2.4591	2.1377	2.2068	2.2056	2.1243	2.1727	2.231	2.2689	2.1883	2.0632	2.2483	2.0463	2.103	2.0372	2.0764	1.9581	1.9104	1.9109	2.0618	1.9597	1.8821	1.8321	1.7498	1.5009	1.5259	1.5483
840	53031	Jefferson	2.0096	2.1797	2.4444	2.5192	2.254	2.1695	2.1179	2.0513	2.181	1.93	2.2092	1.9698	2.05	1.8432	2.13	1.7153	2.0117	2.0181	1.8644	1.8054	1.7859	1.8742	1.7043	1.7435	1.7462	1.5694	1.6845	1.5849	1.3939	1.5473	1.5259	1.0349	1.3329	1.1543
840	53033	King	1.76317566489667	1.75508445551264	1.75215139211093	1.72585496161285	1.68580347516192	1.66092300630604	1.63230035311004	1.63695279850586	1.65546143997182	1.67639744425299	1.63422201533875	1.6510112748106	1.60205945803724	1.60640848308116	1.65212381610091	1.6796339280066	1.65637170102752	1.74911718859192	1.7718737149845	1.76246768407557	1.73313705005847	1.66203554759634	1.65495573938532	1.65252837657011	1.60003665569124	1.57090830190874	1.54349933012035	1.50294214308292	1.43972956977021	1.35841291546075	1.3150238051389	1.25454201499331	1.26010472144482	1.20215143423173
840	53035	Kitsap	2.3807	2.4887	2.5194	2.5047	2.2371	2.3557	2.3134	2.3025	2.2619	2.1223	2.113	2.1112	2.0739	2.0566	2.02	2.0759	2.0297	2.0019	1.9321	2.0398	1.9423	1.998	1.9573	1.9907	1.8421	1.9144	1.934	1.9157	1.8181	1.7624	1.7089	1.5666	1.619	1.6427
840	53037	Kittitas	1.73585566671365	1.67880367466845	1.63986514777828	1.60179433179375	1.48769034770335	1.41567034253602	1.5347636643338	1.52077182598051	1.61828083900073	1.57988463142658	1.65157924500429	1.74431584804354	1.53226899548011	1.45471733328939	1.63107957485877	1.52283263938138	1.41371799299836	1.57782381802571	1.6946393986962	1.56198809399795	1.72273153926599	1.75548762595354	1.63075418326916	1.72294846699239	1.56871285351659	1.64517987707527	1.65081999796187	1.71839298473784	1.62511406238257	1.59713038567598	1.53747526091389	1.44181013356814	1.58791095730366	1.67077734879137
840	53039	Klickitat	2.81	2.5612	2.7311	2.6001	2.501	2.5605	2.5148	2.4875	2.5128	2.641	2.491	2.61	2.2713	2.7204	2.3677	2.3259	2.2618	2.322	2.4162	2.2461	2.3456	2.5409	2.2144	2.1807	1.9582	2.1476	2.0335	1.8794	2.1518	1.9721	1.8126	1.8178	1.815	1.8597
840	53041	Lewis	2.5501	2.3597	2.4362	2.2088	2.2099	2.2968	2.3746	2.3449	2.322	2.4305	2.4239	2.2924	2.1653	2.2918	2.0753	2.2248	2.1273	2.2728	2.1961	2.2914	2.273	2.2452	2.0549	2.0357	1.9934	2.0466	2.1222	2.2214	1.9899	2.0395	2.145	1.9339	2.0356	2.1615
840	53043	Lincoln	2.6852	2.0392	2.5955	2.7025	3.1096	2.2355	2.1961	2.5773	2.9375	2.735	2.515	2.6021	2.1741	2.1503	2.1638	2.6304	2.2381	2.8081	2.4674	2.3852	2.173	2.3983	2.3942	2.2499	2.3075	2.1688	2.3951	2.2567	2.4669	2.2046	1.9459	2.3719	2.1135	2.327
840	53045	Mason	2.2595	2.4175	2.3545	2.3384	2.2538	2.5186	2.3345	2.3587	2.2444	2.3796	2.3566	2.2311	2.2367	2.1417	2.2261	2.1249	2.2562	2.1672	2.224	2.1794	2.2925	2.0069	2.1269	2.2476	1.9805	1.9475	2.0291	2.0851	2.0253	1.9157	2.0355	1.9248	1.9315	2.0291
840	53047	Okanogan	2.8429	2.809	2.8975	2.7376	2.9196	2.5726	2.558	2.6601	2.6361	2.6222	2.764	2.3712	2.4348	2.1506	2.4416	2.5439	2.5071	2.7942	2.7189	2.6163	2.9408	2.7913	2.7795	2.639	2.5525	2.5219	2.4499	2.5861	2.5324	2.3568	2.415	2.1533	2.2111	2.5422
840	53049	Pacific	2.4953	2.5363	2.216	2.5902	2.6036	2.3226	2.4996	2.5668	2.5261	2.2898	2.0555	2.4615	2.2577	2.0546	2.2936	2.4566	2.5442	2.1077	2.7374	2.2827	2.1855	2.2625	2.4514	2.1632	2.0212	2.311	2.2022	2.4305	1.9522	1.8336	1.7556	1.821	1.6467	1.5246
840	53051	Pend Oreille	3.4331	3.1181	2.8559	2.9329	3.0808	2.946	2.8785	2.318	2.3798	2.7835	2.6313	2.1206	2.5913	2.1913	2.2832	2.2294	2.449	2.6467	2.8885	2.4565	2.8329	2.1388	1.858	2.411	2.1116	2.4039	2.3347	2.3172	2.3304	2.2195	2.3771	1.8467	2.0325	1.795
840	53053	Pierce	2.24441259222963	2.28633292510729	2.26603252177671	2.23751045509723	2.15184275304216	2.07500572643589	2.02719827659236	2.06779908325353	2.07754327685221	2.11398250083061	2.05186326663902	2.08353189583474	2.02811179474223	1.98588695581461	1.98274039329837	1.96528204643407	1.96873311500027	2.06526153283721	2.0424235790903	2.09368209750003	2.07957331718527	1.90062526182615	2.05551733923853	1.93919602815427	1.96883461701692	1.99096205664726	1.96213548391783	1.93797800395443	1.85007725753299	1.80653289238888	1.75121429331304	1.72979736779927	1.7172111177343	1.71213601690166
840	53055	San Juan	2.151	1.8607	2.1562	2.1641	2.2152	2.1594	2.0234	1.7971	1.9821	2.0443	1.5055	1.7496	1.9717	1.5184	1.5821	1.6935	1.8374	1.5653	1.9693	1.6175	1.3826	1.6636	1.2502	1.1046	1.5746	1.2045	1.2199	1.2302	1.0717	1.1683	1.4025	1.2883	1.2964	1.3879
840	53057	Skagit	2.2722	2.3309	2.4224	2.3847	2.1893	2.2057	2.2252	2.1357	2.2007	2.2628	2.1319	2.2533	2.2132	2.0944	2.1084	2.2098	2.2077	2.2424	2.2797	2.3207	2.2061	2.1564	2.1395	2.1091	2.0902	2.0082	2.0991	2.0906	1.9351	1.8507	1.849	1.8173	1.8649	1.844
840	53059	Skamania	2.6806	1.9701	2.1249	1.8903	1.9751	1.7484	1.6202	1.4654	1.9158	2.5464	2.369	2.1269	2.2769	2.0435	2.0577	1.685	1.9074	2.1947	2.2673	2.1033	2.1764	2.0085	1.9677	2.011	1.8899	1.5028	1.9507	1.801	1.7149	1.9256	1.5241	1.5096	1.4978	1.5721
840	53061	Snohomish	2.1467	2.1395	2.1557	2.0957	2.0416	1.979	1.9513	1.9901	2.0372	2.0498	2.0291	2.0388	1.9951	1.9536	1.984	1.9625	1.9504	2.0154	2.0763	2.0266	1.9551	1.8789	1.8554	1.8818	1.8987	1.8832	1.8945	1.8634	1.7842	1.7649	1.6725	1.6206	1.7182	1.6777
840	53063	Spokane	2.05691911926462	2.09645118550201	2.12346650253495	2.04732294487455	2.0404387328121	1.96846742488651	2.00956408477445	2.02635738995709	2.05358131947677	2.02802628985102	2.00549614128301	2.0125889658322	1.92883105240575	1.94374684520772	1.91829612182534	1.92486741515768	1.90932578489548	2.00507891630953	1.97170091843099	1.95250856965084	1.92455449642756	1.87448749960976	1.832034858558	1.91923487801567	1.87041955611832	1.82567217771241	1.84726357009009	1.82212576543781	1.72188746555884	1.66462333794849	1.63260132123377	1.62310945308706	1.64709988906225	1.65252381371752
840	53065	Stevens	2.7476	2.2531	2.5302	2.4357	2.5833	2.432	2.5724	2.478	2.4964	2.3318	2.4854	2.2655	2.5343	2.2756	2.6471	2.5394	2.3028	2.6558	2.492	2.1631	2.3725	2.2185	2.3645	2.2642	2.3363	2.3982	2.3124	2.2536	2.1768	2.0389	1.9631	1.9528	2.0753	2.2322
840	53067	Thurston	1.9451	1.885	1.9084	1.9004	1.8948	1.8294	1.7746	1.8301	1.7663	1.8243	1.8107	1.8875	1.7284	1.7277	1.8085	1.6938	1.6897	1.7889	1.7823	1.8751	1.8246	1.7233	1.8265	1.7573	1.7326	1.7353	1.6795	1.6924	1.6106	1.5885	1.532	1.5341	1.539	1.4573
840	53069	Wahkiakum	2.3265	2.7053	2.6797	1.6605	2.7633	3.1339	2.2394	2.9996	2.5158	2.3169	2.4365	2.0234	1.9559	1.4607	2.5722	2.5089	2.4413	2.1859	2.1698	2.5455	2.4632	2.8184	2.0519	2.7688	2.2267	1.4275	1.9405	1.2	1.9162	1.365	1.2218	1.4756	1.7371	1.7705
840	53071	Walla Walla	2.0081483179714	1.95008641132595	2.26838261897945	1.98851587471719	2.11612675586961	2.09670316839469	2.21669081360265	2.20008677914829	2.08364968218843	2.09471903849134	1.98851587471719	2.06850763818916	2.13273079032397	2.05096375272794	2.1065193900218	2.11717103476611	2.09994043297384	1.92533700147888	2.04897962282459	2.0546187288657	1.83939284829684	2.004388913944	1.90382485621095	1.96648159000101	1.95823178671866	1.99843652423394	1.87468947499858	1.94716243041575	1.84315225232425	1.73997749734995	1.72786386215054	1.68577942262155	1.71324395759952	1.63492304036195
840	53073	Whatcom	1.79270541972307	1.812889304101	1.91129881290741	1.84258994225299	1.80776489822266	1.84332200023561	1.72566982445749	1.72786599840535	1.84384489879462	1.84258994225299	1.71123782422871	1.74773614364788	1.67557614250396	1.71019202711068	1.7677108686022	1.65873880890372	1.72619272301651	1.71270194019395	1.69032188186816	1.69481880947567	1.69387759206945	1.72472860705127	1.73999724497447	1.66030750458076	1.65549683783783	1.69074020071537	1.7034989255553	1.61450159081115	1.54621103900394	1.43818019671168	1.33590123856857	1.3974986888204	1.40094981930989	1.31519445563162
840	53075	Whitman	1.2817	1.3678	1.5122	1.3745	1.5121	1.3757	1.5388	1.3302	1.3472	1.323	1.4707	1.3174	1.3071	1.5617	1.3347	1.4201	1.3829	1.5104	1.5835	1.4887	1.4509	1.5039	1.3722	1.6574	1.4254	1.4455	1.3583	1.4341	1.3387	1.1511	1.1876	1.1775	1.3806	1.3285
840	53077	Yakima	2.8844	3.0232	3.1081	3.0362	2.9885	2.8336	2.7559	2.8053	2.8072	2.9078	2.8176	2.8125	2.745	2.632	2.7319	2.6728	2.6453	2.7783	2.8149	2.7101	2.7536	2.7126	2.5963	2.4644	2.4685	2.5049	2.454	2.3194	2.3103	2.1451	2.1347	2.0034	1.9992	1.9841
